	5	4	3	2	1	1	2	3	4
	5	4	3	2	1	1	2	3	4
	5	4	3	2	1	1	2	3	4
	5	4	3	2	1	1	2	3	4
	5	4	3	2	1	1	2	3	4
	5	4	3	2	1	1	2	3	4
	5	4	3	2	1	1	2	3	4
	5	4	3	2	1	1	2	3	4
	5	4	3	2	1	1	2	3	4
	5	4	3	2	1	1	2	3	4
	5	4	3	2	1	1	2	3	4
	5	4	3	2	1	1	2	3	4
	5	4	3	2	1	1	2	3	4
	5	4	3	2	1	1	2	3	4
	5	4	3	2	1	1	2	3	4
	5	4	3	2	1	1	2	3	4
	5	4	3	2	1	1	2	3	4
	5	4	3	2	1	1	2	3	4
	5	4	3	2	1	1	2	3	4
	5	4	3	2	1	1	2	3	4
	5	4	3	2	1	1	2	3	4
	5	4	3	2	1	1	2	3	4
	5	4	3	2	1	1	2	3	4
	5	4	3	2	1	1	2	3	4
	5	4	3	2	1	1	2	3	4
	5	4	3	2	1	1	2	3	4
	5	4	3	2	1	1	2	3	4
	5	4	3	2	1	1	2	3	4
	5	4	3	2	1	1	2	3	4
	5	4	3	2	1	1	2	3	4
	5	4	3	2	1	1	2	3	4
	5	4	3	2	1	1	2	3	4
	8	8	8	0	0	0
	7	8	8	8	9	9
	6	7	8	8	8	9
	7	7	7	8	8	9
	7	7	8	8	8	9
	7	7	7	8	8	8
	7	7	7	0	0	0
	6	7	8	8	8	10
	7	7	7	8	8	8
	7	7	7	8	8	9
	6	6	6	7	7	8
	7	7	7	7	7	8
	7	7	7	7	8	8
	7	7	7	7	8	8
	7	7	7	7	8	8
	6	6	7	7	8	8
	6	7	8	9	10
	6	7	8	8	10
	7	9	10	0	0
	6	6	7	8	10
	6	8	9	10	0
	6	6	7	8	9
	6	6	7	8	10
	6	6	7	8	9
	8	8	10	10	0
	8	9	9	10	0
	7	8	9	10	0
	7	8	10	10	0
	7	8	10	10	0
	7	8	9	10	0
	7	8	9	10	0
	7	8	10	10	0
